Index	First.Frame	Number.Frames	Frames.Missing	Position.X..nm.	Position.Y..nm.	Precision..nm.	Number.Photons	Background.variance	Chi.square	PSF.half.width..nm.	Channel	Z.Slice	CellName	CellDiameter	CellArea
1	231	1	0	29057	12507.7	24.5	142	14.65	0.27	104.6	1	1	R.Cell0.txt	5889.830218	3911000
2	244	1	0	29032.8	12531.2	25.6	128	13.95	0.37	102.9	1	1	R.Cell0.txt	5889.830218	3911000
3	272	1	0	29065.8	12530	29.7	147	13.46	0.44	121.1	1	1	R.Cell0.txt	5889.830218	3911000
4	310	1	0	29017.8	12541.6	20.3	136	9.43	0.31	99.9	1	1	R.Cell0.txt	5889.830218	3911000
5	338	1	0	29274.9	12747.8	24.9	90	10.35	0.39	90.2	1	1	R.Cell0.txt	5889.830218	3911000
6	345	1	0	29083.1	12532.9	26.2	181	11.15	0.36	130	1	1	R.Cell0.txt	5889.830218	3911000
7	355	1	0	29066.9	12525.1	26.8	167	13.11	0.35	122.4	1	1	R.Cell0.txt	5889.830218	3911000
8	370	1	0	29278.8	12695.2	15.8	116	9.19	0.4	78.6	1	1	R.Cell0.txt	5889.830218	3911000
9	385	1	0	29304.4	12670.5	23.9	153	11.91	0.34	111.7	1	1	R.Cell0.txt	5889.830218	3911000
10	386	1	0	29302.3	12752.1	26.3	116	12.36	0.29	101.9	1	1	R.Cell0.txt	5889.830218	3911000
11	389	1	0	29034.1	12524.5	15.5	142	9.1	0.36	85.8	1	1	R.Cell0.txt	5889.830218	3911000
12	393	1	0	29266.1	12682.2	30.4	138	11.58	0.37	122.6	1	1	R.Cell0.txt	5889.830218	3911000
13	397	1	0	29249.5	12719.6	21.2	148	11.12	0.45	103.5	1	1	R.Cell0.txt	5889.830218	3911000
14	408	1	0	29275.4	12714.6	32.7	81	17.06	0.38	89.9	1	1	R.Cell0.txt	5889.830218	3911000
15	413	1	0	29254.1	12724.8	22	99	14.22	0.41	81.8	1	1	R.Cell0.txt	5889.830218	3911000
16	414	1	0	29271.9	12729.4	19.4	112	7.83	0.38	90.8	1	1	R.Cell0.txt	5889.830218	3911000
17	416	1	0	29331.8	12744.3	27	115	19.11	0.39	93.8	1	1	R.Cell0.txt	5889.830218	3911000
												
												
VoxelSizeX : 0.1000000000 µm												
												
VoxelSizeY : 0.1000000000 µm												
												
ResolutionX : 1.0000000000												
												
ResolutionY : 1.0000000000												
												
SizeX : 512												
												
SizeY : 512												
												
												
ROI List : 
